0.125126 36.9076 31.2116
80.8741 37.5503 47.8326
35.0291 46.8789 67.7247
74.6605 25.2232 69.8187
71.0501 35.406 37.6317
1.49846 22.7421 41.1382
14.7313 24.977 77.3345
44.5692 23.5725 20.2708
0.89114 31.3364 50.8365
-
180.103 161.115 71.3231
114.096 165.098 59.9076
144.396 125.708 71.361
214.681 174.169 64.9514
136.218 178.938 80.0474
242.812 182.172 66.3728
110.201 152.035 44.179
227.545 135.624 83.9149
224.516 186.792 99.9777
-
320.124 92.0194 101.942
174.641 185.59 35.5057
211.026 29.3583 214.554
63.0276 11.837 280.749
164.736 67.0354 190.087
357.018 185.061 228.059
261.527 52.92 232.784
253.897 105.714 289.069
381.675 32.6305 193.139
-
