0 78.4651 263.504 359.807 
0 269.372 260.203 375.796 
0 214.359 32.073 17.7302 
0 131.272 49.8859 268.437 
0 67.6112 381.8 333.419 
0 233.697 368.5 108.104 
0 223.402 130.443 70.6634 
1 596.093 254.177 869.038 
1 403.119 261.824 347.731 
1 357.108 12.4378 578.728 
1 301.726 41.0255 752.833 
1 493.394 291.955 88.5754 
1 728.36 217.066 694.624 
1 174.871 721.387 369.816 
2 137.179 135.295 84.5407 
2 105.253 133.11 35.388 
2 33.4241 25.053 0.701978 
2 39.7284 193.354 117.868 
2 156.841 29.5156 110.053 
2 15.9072 87.105 25.6518 
2 108.327 3.69859 86.3249 
